220102001303332210111144403232401113333122342344231242454143210203320302212443030013122003001101100
0 2 1 11 32    3313 2    4     32   4   3 4 5 55  3  4  5255 23  44 444 44    3 1   2 32   22   210
2  2  2 2     3   4233    4         5  2 45     5545        335525        3     432 3   3 3    2 10
1   2        3      4      4 4  322       5  4           4       5     3     4     4       3 311  0
2    332  3     4           4  5544                         44        5                     3 321 0
0  123         4 2          55     4  53   5         5          5   5  5      4      4          310
2    3       4       4               4  5             5  5           5  55             3        320
1 3           4    4          5  55               66              54      5 5  4  3    4     32   1
012  3       4   3                        5  6         6  6 5    5                    4  3       20
33 3   3              5    5       5  6665  6 66      6      66             5       4     4  3    2
03                    5   5                      6       6     6   5       5   5               3  3
3            4       5          6   6               66           66              45      4  4   3 2
0 1 3   3          45  5         6       6                 6    6               5 5     44        3
1 2 3     44       5             6         6          6                      55  5  4         3   2
3      4         4 5        6        5          6                        6           5        44  2
13                      5     6      6    6    7        77  6   6                  5  5    43   2 1
03  44          5        5   6                       7              6               5         4   2
2 3   4     55          6 66              7  7  7   7     77   77         6      5      3        21
2 3         5 5  5               667     7  7               7    77         6         5       4 3 0
03     4     5       6   6         7    7     7        7            7                    5   4   41
01 2 3       5                7  77   7            7  7       7      76      6 6          5       4
3    4  4 5       5     6    7                    7                 7           6          5      3
14            55    6          7                   8                   7     6            5      42
344     55            6    7                     7 8      8            7   6      66       5    442
3  4          5  66           7            7  8 8    88  8  7           6       6      5        432
4      5       66               7    7         8        88   7           7           6     5 4  3 2
2  3 45              6    7       8   87         8         8    8 8        7         6       5   40
4      5      6                  8        8 8               88               76    6     5       41
4       5  5    6       7         8          8    8          8                7      6  5   5    41
34         5       6        7        8       9     9          8       7          6    5          41
3    5            6 7          8        8   9   9 9                6 8    7   7         5     3 2 0
2  35          6     7   7    8     8      89          8       88              7   6         5   40
123     5        6 7  77                89 9           9      9                7        5         4
4         5     6     7               88 9    9     8        9              7 7       6         541
14   5          6      7  88        99  9             9 9      9        8         7      6       54
04  5               6   7 8                 9  9                 9 78 8       7     66            5
04       5 6         7   8  8      8   9  9              9      9                7      6      5  3
1  5           6   7       8     9               9             9         8      7 7       6  5 4  3
055              6     7 8           9              9     9      9   8           7         65    43
2  5       666            8            9             9      9      9   8  8     76               51
4            6  77         8      99                        9           8          7   6  6       4
05      6         7        8     9                                 9       8 8             6    5 3
245     6      7             8  9                                9                   7   6   5    4
2  5          67               8 9    9                    9        9    8         7        6     5
25                   7               9                             98             7    6      5 4 1
25       6     7       8        9                                   9       87                  5 2
3   5  6         7       8             9                  9          8     7                 6 4  3
25         6         7 8             9                               9    8         77      65   41
14     5   6      7      8      9                                      9           7       6      5
35      6 6     7           8 99                                      9 8             7        5  4
235     6               8          9                                 9     8          7      6   52
4       6     7            8 99                          9                    8             6   543
5                7                   9                                 9         7     6          5
13  4   6         7   8        9                                    9     8     7      6        5 2
5       6       7               8    9                        9   9   9       8     7       6  5  4
345           67            8     9                                9       8      7         6     4
3 4  5         777            8      9                               9       8   7       6      5 4
3 5        6            7       9                        9       9 9        8        7            5
4             67               9        9                       9       8            7     6      5
01 2 5    6       7          8             9                 9      9      8       7             54
35         6          7  8            9                     9               8   7             5   4
025             6       8          9   9                          9     8                  6      5
01  4 5   6         7            9  9             9               89      8 8   7         6    5431
3    5   6           7      8    89            99    9             8              76             53
4       5   6     7      8   8           9            9        8            7           6      5  4
1  5       6      77          8 8            9     9        9  9 8              76      5       4 2
3 4 5             7 7   7   8         9                99  9            8      7         6  5   431
1235       6         7        8      9   9   9       99                  8  7          6  5       4
2  4     5  6    6         7      8   9             9     9    8     88  7             6      5   4
4                 6  7    7        8      999 9       9                8              6      5 5  4
4    5      66              7  8              8  9        9   8 8   8                 66        5 2
01  2  55       6    7   7                 8      8         8             7    7       6       5  2
1 2    4       66     7            788                      8                 7          5        4
3      5      6       67          8        8   8        8        8 8  7 7          6        5     3
3     5       6    6          7     8  88            8       8   7      67 7      6    5       4  1
04 4           5       6    7               8 7          8 8       7 7              665         4 2
14             5           7                 8      8 887           7  6                    5    41
34            5              67           7      8 8         7                  6           5 4   3
2   3    55       6    6        7       7   8   8            7       7         6 6        55    3 2
3 4        55           6    7   7               7              7    7   6   66  66     5       320
0 12 4     5               6   7    7    7     7       7    7  7    77      6            5       44
13  4   4  5 5 5    66           6    7           7               7                  5          321
3 4             5     5 6                       7     7  7               566            55        4
3        4    5            6  6      7                 6  7   7     6       6          5        321
03     4           55    6  6         7     7      7 7                 6      5              44  20
2     4           5                    6   7 7     5     6  6              6       5 5     4  4   2
012  44         45        6  6    6             76            6           5  5    5         4     2
3        4         5       5 5           6    6           6                     55          4   321
01 23               4     5          665   6        6     6  6 6 6 6          5  4      3     2   1
2     3      4  3      5           66     6 6         6              5                    4      30
01   2     34    4   5               6                  6       6   5       5         4444        3
12   3     4   4        55         5 6       6 6  5   6    6  54   5 4             4             20
1   3       4          5                66   5  6    6                5    4      4             3 1
01 2   3          4    4        5         55         6           5 4         4  4                33
12 3  3 3     4           4 5         54          4                     5    3                3 2 1
012 2       3 4               5                         5         5 4  5   34 44  4  4 3         21
1    3222 3        343     4  554   5 4 4 44 45   2 5  5 4  5   5 2   4    2   144  4 2      3 3 20
2      11 12    23 24 4  4 2    3554    243352  45 4 55   5 45 3 4  3 3    1  2   2  213  33 23 2 1
222211000301233212310103403144201411351211113145331241322345244155131304344032001313100223022021012
